5
20
37
41
48
56
61
70
74
78
79
81
96
105
114
116
117
133
137
138
139
141
143
153
157
161
163
165
166
211
225
233
252
254
268
279
309
310
312
350
362
406
413
415
421
430
433
434
462
501
513
524
589
591
593
595
610
634
635
661
662
702
707
717
726
727
735
737
740
749
751
753
768
772
774
776
777
784
792
803
855
865
869
878
891
894
902
906
911
912
930
940
946
951
952
961
967
972
976
977
979
988
989
990
1003
1013
1022
1026
1032
1050
1085
1095
1111
1154
1171
1178
1184
1243
1249
1251
1252
1262
1263
1264
1265
1266
1267
1363
1364
